001
004
005
009
016
018
038
042
043
069
080
081
083
084
085
094
100
110
112
113
122
131
136
139
140
146
147
149
154
159
165
174
175
180
187
190
200
212
215
220
221
225
238
239
248
250
257
260
262
270
272
278
300
301
302
305
307
311
312
314
315
326
339
343
347
353
354
356
357
362
363
368
377
379
383
387
391
397
402
403
412
416
421
427
434
437
448
451
456
459
460
467
468
473
474
478
480
490
496
500
502
503
508
519
520
531
536
538
546
550
551
552
554
556
557
559
564
572
577
580
582
591
595
599
601
608
609
620
623
625
628
634
657
661
669
680
684
686
693
695
696
708
709
710
712
724
727
729
738
744
745
749
751
757
766
768
771
773
776
779
786
788
790
793
804
816
817
818
821
822
823
824
831
833
843
844
855
858
863
868
872
888
920
922
926
928
931
932
943
947
949
950
961
962
972
982
984
993
996
997